900
417188 38897 479054 407396
106243 63918 449151 299750
8957 140179 56647 355600
262730 19085 425942 247579
222257 377793 278184 414314
237947 145516 396277 184574
257890 436137 333040 443672
185535 241230 307383 252560
336322 253052 462222 294192
255221 34832 357644 105679
437841 172476 457929 499008
256571 298876 351702 426242
335812 401517 375477 459160
58255 409821 187023 423708
51598 379489 413682 497840
318615 358885 392579 422483
344711 434572 355328 456198
335222 277913 475492 317568
72714 7022 153499 69722
313972 407725 477535 449078
77396 171349 464905 212912
481375 75080 496182 325288
358067 432648 475190 484414
296900 62552 369595 160963
410156 54569 446365 449148
120675 349489 163899 442230
85396 178168 392754 213211
416100 345700 430643 464600
111595 163180 155142 415963
468972 155517 480501 179480
97936 71937 355769 205576
299468 133774 339848 450051
157818 38156 186796 58552
255462 354452 368107 439413
265706 111249 273700 488401
207023 428716 233026 495869
216006 362218 431134 387662
339659 366360 496542 481624
123921 168610 166702 232202
122217 353138 240890 478328
267061 37424 437086 322459
293880 368424 297281 489230
427987 256241 482096 285561
73282 274178 135274 483470
153229 482546 455690 497664
180511 427488 290790 458484
418106 113969 478805 424954
225459 161319 368051 271866
423541 493388 495150 495525
340808 259907 374566 371647
493414 408154 499193 475401
429419 433862 465835 467524
212956 419702 215879 488714
424342 224375 479590 471559
461080 112311 469839 328779
265264 434468 440884 436843
280312 192668 396587 199668
57841 161319 286891 492571
87331 54495 382563 143485
191539 371727 410267 431826
321793 356745 329015 435321
467925 74901 471359 490292
430670 261320 494468 397932
320912 143853 394015 355274
194978 323000 358114 490117
178067 76055 417670 369357
425379 349706 487874 476514
260905 48348 380938 128739
233902 72544 266486 284114
15851 218669 41157 246514
408081 351394 468982 430737
223519 422060 233356 425028
451748 270195 454826 473254
195952 182437 215066 381214
27292 164665 270861 473778
486821 385634 494693 404842
189348 433507 441092 482074
442561 298951 450067 406309
142330 416252 493927 480938
193680 133020 416125 446296
28052 208189 459766 309221
231793 24225 256931 384565
368644 1658 489138 290091
329157 110622 409639 253264
364977 300784 404354 306617
217423 459943 255494 461718
13984 446896 223312 471219
144164 169465 456794 489302
146009 489204 430617 494125
446716 265804 456876 435509
270261 92112 484171 275090
489966 387375 495754 462191
159356 346339 280787 493041
121806 476533 291063 493989
467707 394506 493930 497510
117833 481216 445691 499479
490055 237216 495222 458180
263867 23634 434154 242775
429494 25598 443054 59671
298026 292769 410210 396837
340632 14475 490104 352222
391018 446941 470776 497520
499942 346307 499955 371101
69629 385034 343282 467000
331847 191843 433895 289367
83295 65279 460798 102359
424081 300776 431155 422154
494218 6957 497836 67072
240289 424666 364499 434316
284519 108672 403486 206574
142677 143774 164423 196238
185986 227930 402750 254463
493148 3077 495417 454944
141228 378958 210616 407260
488414 24282 493454 345746
209218 344481 237946 469472
173032 206565 358169 286490
27287 337430 317809 423892
101017 372429 439358 477759
113792 127011 325840 176710
31406 266598 71135 288136
64451 413524 248892 421302
466559 494482 476730 497513
232301 35629 437267 352808
382495 309030 399337 428420
397329 34227 425122 401240
133147 185651 243843 447007
112830 322400 247479 325751
57219 480257 306890 481177
158221 320156 381432 452480
479549 303457 492157 371495
370092 366662 482265 495087
177621 254274 414557 430334
473348 291421 492231 368236
183012 492097 278379 495469
369059 355587 453476 467545
184256 319911 481534 418772
159521 301240 424405 303431
438448 151230 497050 212094
370505 181870 478920 260245
239068 292539 264077 426492
206869 183049 224390 301298
96146 108578 392536 446252
156623 109257 266850 180714
281919 87063 377547 493225
222092 177346 303678 493454
449078 48642 496096 315764
427375 437029 456755 457472
29904 217256 462421 403160
154652 341487 173385 458851
373168 343348 482747 440029
305865 470620 493405 475937
115084 155195 234558 498971
486965 63100 488628 123798
358422 390516 493554 472034
373173 264751 379200 354171
432863 146345 485070 302169
4400 297525 68947 415678
422002 18097 486997 182097
137121 353614 376583 438246
24035 35935 228175 377866
438204 129431 498848 172792
373934 294713 444394 303134
214034 459132 267179 487736
459093 493234 495897 496699
383028 72203 425907 203477
183833 184646 405240 381888
344691 432715 369511 486248
480351 385908 483136 496172
484329 194248 490860 322539
373605 471739 428250 472153
33977 435926 247945 458898
198635 154494 212771 277125
278091 234087 498431 289863
385907 191721 460661 197887
49209 423675 71205 498611
275849 81802 299703 403213
109237 386655 252340 392439
209920 261330 387751 297455
322557 226641 333159 287953
480150 493503 494308 495196
253268 288366 457684 467169
423009 444483 425867 446279
430446 301210 463126 480455
65463 153507 189343 188962
91164 120722 493749 416005
211529 346986 274895 470572
124942 210885 438160 308863
202788 28200 334082 218499
8240 126696 445991 469808
83868 405519 476242 415605
406353 93361 435942 265104
60674 148648 482433 236871
344596 101266 498436 368415
45304 296861 443170 428745
194048 43000 386695 496632
108202 169420 359873 258308
184444 484176 277324 497206
419093 166515 439409 424558
385319 119189 399837 364827
408074 423403 468493 473470
154364 383791 445813 485911
34049 225107 190099 266619
186251 140506 232008 188381
460685 167110 491870 413634
323887 136844 452109 245413
32814 262911 88454 443226
452560 410296 492435 416089
234363 221327 318085 408823
304159 166234 332478 315952
174102 235029 438314 313648
347365 180909 485909 280658
60966 154154 331696 165315
238963 229273 450924 304799
123681 436584 438388 461012
400276 472370 434322 492623
17633 6930 471506 416448
340739 408148 474622 409168
42637 215987 388696 427624
296694 5409 372967 111093
478224 38060 479458 154937
353552 98527 383869 252054
371735 472519 487928 481485
107904 25478 238215 117426
95734 81485 171686 456592
137445 448000 139448 480766
237692 284443 288168 338001
398300 360276 496378 462639
348509 147436 353392 291157
20492 404812 369231 440947
84071 169178 285386 267353
468258 471704 478439 481172
77936 384715 343172 437498
338604 194373 447471 371433
221799 492440 403077 495953
306313 491911 359189 497262
442662 292696 466442 447285
296276 247382 326452 468502
321612 258786 387248 481258
71661 61963 154549 483295
42423 218579 306291 240430
429051 288642 438617 405921
370274 273000 435191 381783
123694 178601 337978 437347
430124 210498 458160 332879
420992 387908 441629 463513
120037 142063 286258 476069
91932 484146 256473 486789
180634 364832 474504 382193
103607 64451 489582 294547
328799 193448 418804 215670
196220 214043 438355 254328
143108 10903 244235 228794
38175 477920 338266 488073
339745 474130 356170 490010
69225 457432 149724 472225
46912 214235 458654 221183
251548 229294 264960 367764
284718 73250 362956 293865
107235 440919 261051 490462
215335 328675 371156 393660
285517 436577 381610 455629
310353 303246 379582 363416
421445 473333 448720 478561
371095 464501 405039 480538
415046 363817 431510 368079
439918 334455 446015 342280
295090 248138 451569 492588
354127 422782 437368 464843
269515 78210 442714 297730
284008 374233 342622 473662
372083 396838 495803 489407
2265 461615 386416 486526
167797 483446 407154 489538
272483 92340 315122 491487
132691 492180 359755 499848
349085 192665 497511 360883
47058 437324 241610 440389
343754 61678 404875 274437
187213 2012 315909 474109
379838 376882 489621 395437
494389 211937 495485 233187
252300 305047 436133 364752
296613 365290 480626 384195
16180 289784 380580 421130
289396 299173 352608 399677
407259 443787 412672 459768
335451 384326 445747 460981
366713 19033 392934 497159
175037 130798 188351 154319
91906 243230 398718 470782
118398 102142 187794 274275
110253 240124 334853 426429
427591 19027 481031 442139
413542 489455 443466 493357
129880 288842 476165 396459
329623 232579 425693 339247
23923 345448 395392 444451
335178 319188 427904 419533
345750 140963 468230 363380
404225 414099 411660 437733
464891 3090 474800 453839
147935 230888 466725 492900
146581 195117 478111 364433
362250 22026 472911 40977
451815 450541 474227 458139
347010 37465 463322 434945
141150 358354 267118 452994
393304 298488 442642 475146
337622 250352 431878 342871
471584 124797 497205 431499
370574 339749 382593 425695
343267 49195 438724 368027
338426 462015 418810 485685
286869 10195 299065 218477
360704 368593 446691 435148
420802 350032 493481 499785
282490 386889 334372 388092
437338 336311 469240 449173
107870 264404 177242 424513
488870 394010 492261 402126
2677 297323 359589 480803
253816 424919 375774 470046
376842 400150 456012 428679
36174 61664 196297 78230
181873 494065 499052 495473
142468 220547 320468 358709
19785 266293 239232 350594
386163 326775 488761 439490
82036 457416 249784 474024
266178 115003 397853 455192
140392 434541 168464 459657
225512 165156 267307 195577
220407 67402 357639 359822
351737 49223 416522 214341
315815 148848 386494 479359
142372 110461 353466 482458
269219 159798 297093 257648
427497 76480 494904 476488
231753 49596 319942 480951
362734 218244 419835 435525
286267 363640 452592 393116
249617 260558 332689 468070
95616 87662 242238 488031
1076 490077 371806 497049
65481 22780 96581 409560
130767 53193 196102 423467
207371 186516 423470 275144
469211 42479 479725 434659
366883 174851 428180 308771
147381 222502 257948 322291
179637 400276 195058 403117
266137 175325 268868 317279
258498 156687 306139 375962
419673 444159 474318 480566
105489 397371 201190 470537
317674 134333 440522 498896
96657 435852 241420 484114
256204 464379 278250 490478
459288 296670 498961 415072
48900 283029 262730 360077
481683 160399 482746 383537
395252 322344 448432 345415
343475 267464 460465 269058
440072 320850 451887 419076
300139 24328 393028 320440
372300 282278 385917 424877
143618 264259 189982 347472
325323 125838 447599 266597
245978 351092 272909 477187
422672 381256 445072 401074
386053 391129 422718 494088
158819 24643 493322 380492
21022 181665 179691 202720
24647 127613 152266 481992
2351 458088 185063 495437
7945 405166 42197 487565
360673 319423 491883 464336
332989 122523 491100 486583
25794 421144 100199 437686
159111 111110 305985 241433
88502 18995 368264 237899
348836 477699 457102 490143
125223 402939 462025 461726
335990 51983 436692 443539
5041 113326 447794 131398
395213 155173 428933 484748
288218 409565 462718 445374
315001 456157 492677 493319
357130 494289 469361 494334
235619 76003 393950 219938
386423 232093 467880 263015
118825 57983 403960 92009
343259 100934 387131 450116
462784 349529 483168 363117
42834 362142 350887 398635
496604 14383 497804 349309
432962 271774 471165 322627
14918 235791 426096 389239
27187 174579 184868 395905
260357 267042 468901 444494
301177 112908 402559 374197
260455 402500 353183 442010
313591 19202 424248 472990
402577 235457 483390 483220
81778 12992 376794 316976
20534 102525 459947 469450
494016 46796 497578 270395
342320 19240 384049 237909
490470 193584 493193 336259
390513 142100 453026 498708
454480 304241 477442 462831
487090 443243 490484 461356
442514 69044 449234 84483
371384 309926 463901 427974
189400 302606 274761 496382
328042 139627 440280 494838
152030 483972 311877 496596
106231 32653 335255 388240
260886 336398 319443 429806
411291 123794 476852 458426
158274 297077 416091 387907
45044 463461 356079 482859
164888 115779 400069 283328
118165 9792 294946 437411
362948 469907 438388 477826
294823 313900 346796 416257
92030 491996 314281 494843
374098 251303 489585 286576
397687 451528 400400 452898
481108 128310 499821 129752
364692 176886 458590 315550
81146 55515 343484 394672
102619 489947 176067 490853
203910 389638 484785 468937
478179 192728 478424 263144
351635 409145 370918 498928
478556 398359 494657 477705
124922 410540 437029 474893
114280 498909 259706 499021
105212 195343 393446 219260
152211 110600 472058 468585
359610 424652 361687 451019
224478 54749 376077 372105
129519 303141 191662 493521
24430 338180 430035 403600
129768 76676 474265 258652
459556 254757 494234 384646
201120 118859 306090 475311
284043 211868 492489 475206
67267 312315 243106 361989
159623 234364 321141 454599
302304 187114 467111 221342
115109 57435 331036 203700
154481 222987 155873 299686
440354 130531 481512 365759
326965 290534 419615 340426
388764 285739 483797 421945
301188 301475 348608 395593
128963 486777 345833 491367
25329 459501 289240 462289
329294 376383 428554 441310
183771 301305 462454 466071
180031 254441 430377 466787
239206 459656 329649 472540
64830 210147 214152 216041
240514 261212 438135 467002
101184 375195 347858 384133
393088 129364 452047 405977
43574 304992 282044 338630
397485 402205 479604 483637
4029 21120 283480 264333
440757 67657 451972 373091
163011 110192 247763 215759
339802 124395 377089 384868
467536 165873 484702 345525
48974 62358 231251 452223
72265 217249 204301 357710
322263 139817 412955 408766
328177 217838 358335 370877
100005 421633 159110 485550
435462 217488 436531 243725
43127 440906 68369 447393
375413 386701 420743 459461
6275 212323 317306 273200
343978 467126 387767 476504
340745 268172 363001 483670
308681 325733 365686 384379
481344 297153 492881 416630
315443 88923 470360 171535
262967 111907 314781 283341
406 188954 66495 231779
64314 436615 198922 483108
102027 402390 394577 410090
319049 465007 324044 497066
152440 67717 293747 493832
379995 351830 461735 397642
111724 370848 416991 372277
196985 334094 254336 391699
228148 20221 372068 347697
4041 254487 279886 329998
165311 141794 319509 214389
71531 431413 341809 489014
186179 131062 201631 421054
454789 321041 459852 476307
160100 76061 389224 174513
452243 131076 473984 251101
298800 461510 432769 486800
441737 294261 454685 444028
355640 144335 485105 258556
394393 210966 438913 325714
277935 436837 482551 440165
321845 440626 453667 466210
446401 271407 498494 496239
142364 253799 341943 307623
486352 412897 495899 473595
64943 126736 247918 215159
363778 404206 382476 412470
110128 190691 256467 423603
453768 86425 494553 226068
75146 280556 359522 358090
357846 149540 495516 254118
446654 142274 486120 355117
139168 301255 326701 450041
91782 463629 350908 475264
148165 302741 187655 458570
315505 238340 470994 313440
411921 126888 461912 329867
206851 180440 305488 401169
267792 357238 413093 428464
403301 407977 477418 464845
148571 463470 159671 486499
29411 444427 471028 459554
21121 419049 394385 497476
205471 156781 246705 230859
245102 296379 384710 475710
64372 224612 226616 491854
330356 112879 368927 369398
101774 267229 215994 464950
253244 208892 455937 399862
374702 200755 422078 488682
281083 192213 442724 371859
333814 17600 356642 256257
300747 60191 409333 361983
348387 238984 472997 488983
140876 244446 323866 334103
46920 124595 454049 203851
222892 268831 301533 423390
93649 182989 393562 279770
171869 256906 466790 455745
8295 232637 230133 311288
482272 342976 492513 376638
364633 168871 444136 370113
399924 133436 457805 252069
6620 193066 225794 294016
455906 201071 492403 359582
217794 76436 243882 159364
59717 108235 317343 361051
191321 488617 302603 489920
352479 137635 410738 275922
238704 471913 378247 492109
60864 136260 489795 395561
229801 345581 260785 363394
82578 425877 421886 470210
227163 366968 267561 465988
272928 196694 400212 269893
275361 133645 421511 339245
130895 319310 263108 345178
490349 424912 492850 425577
178616 52574 496066 238942
82078 352272 158828 469507
269000 289317 406272 350147
375085 3547 443928 173663
416879 113711 487538 266582
477208 124924 478391 455079
139 180688 264951 183250
317340 391657 482675 444416
171056 327087 275247 459645
421424 290671 431086 403556
324156 333499 485467 413807
479119 331362 493202 416191
65914 364107 213388 455552
399705 194346 411139 495099
273740 397895 325813 408142
451462 96573 472684 167499
150449 350690 403572 373433
23562 36359 67056 432729
359046 381733 469586 480769
127063 174744 222980 451524
474786 251335 480847 377990
361997 383017 373097 498206
487122 312967 491483 466871
190358 430971 369389 470060
100061 309654 482449 361899
434651 459483 474079 497285
128826 357851 424209 369384
22392 180993 24254 495957
471361 284285 489562 314952
133425 59125 305398 426284
406195 71889 456445 98651
210939 480713 361348 492722
423354 212092 439301 350820
183072 246908 328382 447504
397718 488425 423364 489425
85810 348458 187967 385070
475295 139839 477707 344772
322716 145751 382156 195339
264308 136414 394113 236030
400784 178392 471679 288399
69450 165441 113696 404361
107737 87533 143329 313198
206629 128487 474058 392173
151042 33265 160487 232449
273073 305378 302794 346336
198159 202577 428183 490214
140554 167624 290507 234522
334974 199750 474127 343463
145670 350420 238445 364538
313217 357081 352051 489779
267547 207558 499824 467429
275586 193926 367827 472590
182206 409596 410627 422805
406764 420576 453925 496160
488089 82134 499101 443826
189722 114287 358289 291738
269985 374788 451787 421219
126340 67290 459221 131055
104101 281871 159986 390602
99715 207470 369428 389440
397457 252449 435359 338651
9743 220799 409741 473879
105725 75283 225081 145959
310275 168574 426542 206599
138892 324360 339885 489117
288663 202782 400488 368782
275048 8073 474966 256401
361289 469414 451123 470295
491129 103100 496635 211318
229590 62104 256463 462676
479034 312405 498533 450329
259453 316314 286379 352789
71399 78532 246765 305673
97265 158920 249319 461731
147130 436349 360576 480881
61525 140723 448068 437064
380165 147681 399658 450905
204449 308349 288414 454107
178288 276468 337483 363148
391603 257332 420758 360209
18523 260446 31161 456684
28865 28764 68513 493918
446235 123269 488796 187432
126922 384739 347042 425599
295225 491665 411703 499626
88435 107917 109560 361479
192667 102372 369867 283017
440718 347098 498536 492636
291356 83700 332471 188462
448985 13043 480703 450133
196796 281226 223422 430294
108301 234942 488089 475654
126893 349463 312964 422387
379433 311646 446660 334278
283797 21717 449368 394608
447846 349122 479140 497752
379228 467951 492720 479214
443823 176396 474797 401625
313897 331432 386942 379444
458204 113128 483066 403745
299394 323952 449774 429513
137436 432188 375257 464443
3112 165791 326298 268778
422902 219045 472702 377578
109655 88358 409295 465998
85045 258325 345889 349968
163668 260038 318827 270009
443439 62893 495723 273390
143168 474500 412423 485741
438497 298821 486512 471572
455234 9973 469418 251744
308521 111661 478953 314463
264708 9569 275242 87642
221259 400963 353847 464229
172454 38015 236388 274241
338482 65615 399735 432480
198376 213565 320893 385289
138028 339530 414808 376898
132650 322255 372535 367488
28443 295287 477174 463667
3387 114087 141033 401490
202847 250869 284605 306949
447977 417127 496355 484175
131490 364121 251546 416947
172861 122640 337332 391567
457925 76779 491082 337289
409936 341094 438146 369193
240779 427619 302050 452375
440478 438161 465918 472960
202782 278844 498284 418660
477231 57988 485420 161022
462688 443210 472248 496186
235570 277082 323804 381274
471815 33059 486757 220282
12038 33430 183674 113645
50158 39723 304559 104655
19578 381597 23297 433835
90547 14242 493096 380496
14187 238703 356608 374556
16157 72440 100310 473593
111004 496159 330792 497154
335439 203665 387350 467890
480922 189540 498815 430317
398721 278690 421247 304620
108382 260352 202862 325532
109482 349560 161206 490607
199883 464526 308420 485163
381395 324123 437107 483874
110047 406285 397680 455849
249298 407331 365010 497194
72440 459436 167173 465339
205878 251604 381834 417533
398972 229882 488512 496815
217826 2371 273050 187703
50496 120964 150481 487417
422671 288077 487970 421831
75060 406075 127438 495559
40592 104553 121629 229608
180325 369888 268309 495860
443820 200290 446120 333004
134203 2757 314900 446655
45309 250433 359122 486789
45121 75162 212193 444855
250474 372832 422092 394299
41164 254207 111577 348906
283708 475543 495808 486640
289048 368945 357857 396357
253810 173074 434588 424634
339387 210841 447405 289642
129778 226628 143666 252611
434590 373647 492047 430748
293420 461453 396322 488354
349379 16823 417475 102915
246508 444394 489920 454571
74315 300833 153129 414325
112431 115250 378704 154314
92223 66394 252406 372012
164938 77522 443121 189116
397608 414375 473794 474468
217619 492698 489120 498556
177087 140561 316909 208483
75436 382661 238154 479244
386752 455703 447970 488423
40188 470029 230978 476333
314968 196180 337407 250767
87477 84369 299729 188316
97937 434813 217250 464244
48024 4629 386257 251911
293371 149286 405538 348990
321405 213128 382406 447808
91211 472367 471511 474860
174480 251439 432024 402978
235872 274810 333947 301341
242645 148548 314501 185184
301404 218980 332503 462935
24125 64006 81423 472103
124002 407583 209638 434241
474667 70211 497263 246672
475541 449294 494251 495153
156325 308525 238430 344303
347840 149500 435611 257609
103194 259188 293395 353649
22428 167943 432203 274289
318113 401374 378759 408056
483091 261854 488118 353031
208910 230107 274234 232112
42908 50503 247003 131341
67136 310915 288146 399381
158367 147622 496076 375892
339433 340714 495289 346814
473798 178536 496555 339476
361626 357179 375092 497207
236938 335197 333346 473818
384222 106004 466561 416286
401430 271266 424424 408110
153213 260582 163267 266496
240049 44224 307776 159335
36427 40324 351283 185677
492776 353551 496215 445128
490677 368146 499536 479639
351402 225320 380372 315239
148121 159819 265138 394316
421416 35185 427100 127734
39427 473265 344161 482887
419398 244023 481614 289833
298395 452050 342093 453867
274422 51328 333384 483872
441577 403430 477252 456146
233078 321283 374444 471536
379079 326201 496276 402562
279842 222743 342185 427940
34144 247111 381120 330745
104741 27981 138966 422758
419727 406652 489462 463778
340253 333100 398376 381671
453983 314095 487986 368946
41826 332693 450798 461499
457692 294569 487432 356584
312514 202001 448664 388235
262428 180309 474335 186825
16005 14934 218807 236389
415275 187088 432037 331349
105031 229126 332151 423133
307497 91125 314838 411239
55359 224966 462339 257753
179373 430807 210101 482212
435013 255 493053 407363
255190 199776 459172 396518
156467 288374 456208 309166
137535 266854 451462 439198
395223 123971 479217 359003
9360 172122 356679 391462
266379 87806 427535 317444
286397 279898 336491 362343
399356 489344 474277 489741
366315 131678 487911 186407
101512 38146 239305 450007
130769 311548 395718 449190
420761 311301 427728 421349
112582 177997 271553 256034
155218 257695 396159 286540
120818 123706 417761 432932
343533 326301 363874 447732
344068 369571 463240 459797
441724 10938 460194 92164
175921 250991 201249 375816
144383 388910 322083 459971
128970 133801 217531 327236
295902 188649 348451 477878
410882 337310 483567 494055
386895 120288 446572 157584
281658 372617 299300 453455
127314 476538 284590 485849
480752 177627 487905 439872
219408 445076 484461 465957
405797 270163 454184 293469
413790 163919 414031 271186
401073 106276 438728 475365
179819 229884 441165 400353
459195 57853 486980 297646
383838 429423 483478 454512
129754 210321 250537 277948
227506 206954 339098 210207
265830 297634 455135 415223
46908 372541 389682 436254
25324 329112 213195 348649
229321 72558 436806 486122
177584 121568 260174 311469
31553 233766 408130 361167
340462 483580 465048 493648
233459 105856 429175 246596
88901 387586 226464 487911
306143 47697 450727 333818
180547 276131 386289 288709
469064 355409 490649 429516
122969 160792 263247 279042
98744 349766 157297 430230
459750 129884 486854 353408
348612 81486 399300 200824
326364 192407 364675 433786
4634 89021 284580 278327
372433 361726 394947 440396
385452 272602 481016 320287
259970 219263 465670 369766
275242 332088 281134 446696
317676 59416 388301 301869
229082 255871 411985 400186
153866 416036 273817 487401
199384 146768 379450 231659
435144 203896 446545 350792
412534 497296 458956 499375
148839 68483 285853 108692
346326 340062 432146 344938
291112 104895 497065 474911
101022 342714 311128 485935
44888 111955 404241 247814
277257 485849 355276 486609
299803 268051 342320 437486
388246 316817 459435 352784
484053 496945 491917 499871
297352 424604 368527 447024
379437 193713 445457 440624
240187 167993 332956 239842
127478 183424 225801 284399
431288 82291 470297 230401
452930 188510 476841 199228
61823 71353 464683 441131
91214 106694 462749 227915
106461 457641 155503 498085
447859 418073 474264 493108
439787 70510 458284 465701
