50
4
00110010001001101010100000000001001001110101000111
00010000011010001010000000010010011001000000110101
10010000000100100100110000000010000100110010000100
11100100101101100010000000011010100001110000101000
00000000000010000010010000110000100000000010000000
00010000100100011000000000000100000001000101000010
10000001010010000100100000001001000100111000101000
00000010011001000001000000000001000000001001011000
00010100010010100100001010010110011100100000001001
01000011100010001011110000100001110000000011100100
11010001000100000001001100100000000101001000010000
00110100001001000111000111001001110001000000000100
01001010110001001100100001000000000010100010010000
10010001000110000010010001001010001101111001010101
10110000100000001001100010100001100010010000001000
00000100000000001000001100000010001000000000001000
11000100010010110000100100100100000001000000000110
00100010100110000010000011001010000001001100010000
11011000010101000101110110000100000000001000001111
00000001011100100010001100000000001010100000011001
10100010010010101010000001000011010110000000000000
00101000010001000010000110010010000000000000010111
00000000101000010001000000000011000000100100110100
00000000001100011011010000000001000000010000011001
00000000100100100110010000001000011100000000000010
00000000000111000100100000011010011000000001000110
00001000011000101000000000000001000001000000000000
01011000100000000000010001001001010000001100110100
00010010000101000100000011010000000011100011000000
00000100100000001010000000000010110010100010110010
01110000100001010100111001000101100110000110100010
10000011010100100000101100110010000001001100001011
00011000010100100000000000000110010000110000000001
01000000110100000000100011010100100110000000010010
11000000100001010001000011000000000000000010010101
00100010101001000000100010000010010000011001000000
00000000000010100001100000001110010000100011000010
11010100001101001100000000101001000000100000101011
10110010100011000001001000001100100011001100101100
10110010000001100000000100000000100100000100000010
00000011001001000110000000010001000100100001001010
10000100000000000100001000010011000000110000110101
00101000010010000000000000001110001010000000001001
10000101010001000000000001001000000110001000000101
01010010010000000000001000010110000001100100010001
01000001001011000101011100010100011000000100101100
00010011100000110011000100000001000001101010010000
11100000010101001010011001010000001000100101010000
10000100000000001010010011000111010011011000000001
11000000100001000011010100000001101001000111100010
