Test primjeri
Najmanji k za koji je graf obojiv je dan za svaki od grafova

011111111111110
101111111111110
110111111111110
111011111111110
111101111111110
111110111111110
111111011111110
111111101111110
111111110111110
111111111011110
111111111101110
111111111110110
111111111111010
111111111111101
000000000000010
14

011111111111111
101111111111111
110111111111111
111011111111111
111101111111111
111110111111111
111111011111111
111111101111111
111111110111111
111111111011111
111111111101111
111111111110111
111111111111011
111111111111101
111111111111110
15

011000100000000
101000100000001
110001010010100
000000000000000
000000000110010
001000010000111
110000000010001
001001000000000
000000000000100
000010000000000
001010100000111
000000000000000
001001001010011
000011000010100
010001100010100
4

000000000000000
001000000000001
010001010010100
000000000000000
000000000110010
001000010000111
000000000010001
001001000000000
000000000000100
000010000000000
001010100000111
000000000000000
001001001010000
000011000010000
010001100010000
3

0100100001
1010000000
0101000000
0010100000
1001010000
0000101000
0000010100
0000001010
0000000101
1000000010
3

011111110011101
101111101111111
110111011111101
111010010001010
111101101111111
111010110001111
110011011111011
101101100100111
011010100110111
011010111000001
111010101000111
111111100000111
111011011011011
010111111011101
111011111111110
8

011111111111111
100000000000000
100000000000000
100000000000000
100000000000000
100000000000000
100000000000000
100000000000000
100000000000000
100000000000000
100000000000000
100000000000000
100000000000011
100000000000101
100000000000110
4